190102 8.05 8.12 8.27 7.99 120300\n\
190103 8.07 7.83 8.16 7.58 149225\n\
190104 7.65 8.00 8.08 7.50 150071\n\
190107 8.11 8.06 8.20 7.93 143006\n\
190108 8.10 7.85 8.10 7.82 139639\n\
190109 7.86 8.11 8.24 7.80 221847\n\
190110 8.04 7.87 8.17 7.77 172602\n\
190111 7.71 7.74 7.83 7.63 119782\n\
190114 6.97 7.21 7.34 6.97 175862\n\
190115 7.16 7.13 7.30 7.05 120980\n\
190116 7.12 7.12 7.25 7.07 82811\n\
190117 7.05 6.88 7.10 6.77 127909\n\
190118 6.90 6.63 6.93 6.56 124475\n\
190121 6.77 6.91 6.99 6.72 164138\n\
190122 6.89 6.80 6.96 6.70 107332\n\
190123 6.83 6.67 6.83 6.62 76281\n\
190124 6.72 6.54 6.72 6.45 105874\n\
190125 6.55 6.23 6.59 6.20 118369\n\
190128 5.61 5.61 5.79 5.61 120850\n\
190129 5.05 5.05 5.05 5.05 57365\n\
190130 4.61 5.00 5.38 4.61 215547\n\
190131 4.88 4.80 5.11 4.75 161160\n\
190201 4.99 5.20 5.23 4.88 148974\n\
190211 5.18 5.34 5.60 5.12 151576\n\
190212 5.40 5.44 5.53 5.35 134383\n\
190213 5.56 5.64 5.80 5.47 161048\n\
190214 5.70 5.59 5.74 5.54 126812\n\
190215 5.71 5.57 5.76 5.55 104736\n\
190218 5.59 5.91 6.11 5.58 208638\n\
190219 5.97 6.07 6.25 5.87 239593\n\
190220 6.08 6.20 6.35 5.92 230347\n\
190221 6.21 6.10 6.34 6.09 179164\n\
190222 6.08 6.54 6.70 6.08 264407\n\
190225 6.80 7.14 7.19 6.49 376592\n\
190226 6.94 6.92 7.30 6.76 344548\n\
190227 6.88 6.94 7.12 6.80 192699\n\
190228 6.97 6.87 7.02 6.84 147230\n\
190301 6.90 6.91 7.00 6.82 142904\n\
190304 6.98 7.03 7.17 6.90 226305\n\
190305 7.00 7.51 7.63 6.91 319780\n\
190306 7.42 7.53 7.63 7.27 257015\n\
190307 7.62 7.71 7.86 7.34 293744\n\
190308 7.44 6.94 7.54 6.94 205560\n\
190311 6.77 7.21 7.35 6.76 182567\n\
190312 7.32 7.37 7.55 7.17 241231\n\
190313 7.52 7.67 7.97 7.41 378159\n\
190314 7.41 7.06 7.74 6.94 218843\n\
190315 7.40 7.77 7.77 7.10 182037\n\
190318 8.00 7.92 8.31 7.81 427114\n\
190319 7.74 8.41 8.48 7.74 417978\n\
190320 8.12 8.26 8.75 8.03 324802\n\
190321 8.22 8.22 8.40 8.10 226639\n\
190322 8.09 7.99 8.13 7.81 163518\n\
190325 7.78 7.69 7.85 7.50 125872\n\
190326 7.81 7.28 7.84 7.26 145155\n\
190327 7.29 7.30 7.44 7.05 89910\n\
190328 7.24 7.03 7.35 7.02 86018\n\
190329 7.01 7.25 7.25 6.90 98950\n\
190401 7.21 7.53 7.68 7.21 142837\n\
190402 7.53 7.61 7.92 7.41 155365\n\
190403 7.54 7.68 7.73 7.36 130435\n\
190404 7.71 7.57 7.80 7.52 105925\n\
190408 7.57 7.31 7.64 7.20 97268\n\
190409 7.38 7.45 7.52 7.29 73391\n\
190410 7.43 7.47 7.58 7.31 84767\n\
190411 7.44 7.38 7.49 7.23 78369\n\
190412 7.21 7.10 7.31 7.01 77108\n\
190415 7.17 7.06 7.25 7.05 49197\n\
190416 7.07 7.24 7.26 6.96 64608\n\
190417 7.20 7.24 7.30 7.17 66058\n\
190418 7.24 7.16 7.28 7.05 56680\n\
190419 7.11 7.12 7.18 7.04 52780\n\
190422 7.14 7.32 7.43 7.10 135192\n\
190423 7.32 7.08 7.40 7.08 91217\n\
190424 7.02 7.10 7.12 6.95 59176\n\
190425 7.03 6.50 7.05 6.39 105995\n\
190426 6.45 6.23 6.62 6.07 68561\n\
190429 6.28 6.32 6.47 5.71 112072\n\
190430 6.18 6.30 6.42 6.13 43406\n\
190506 6.20 5.95 6.20 5.80 48503\n\
190507 6.00 6.11 6.25 5.95 47042\n\
190508 5.99 6.10 6.28 5.85 73319\n\
190509 6.06 6.07 6.15 5.96 45596\n\
190510 6.18 6.22 6.26 6.01 56396\n\
190513 6.21 6.62 6.67 6.16 103861\n\
190514 6.46 6.75 7.28 6.40 100121\n\
190515 6.84 6.78 6.87 6.63 65240\n\
190516 6.70 6.65 6.80 6.60 57032\n\
190517 6.65 6.37 6.73 6.30 50746\n\
190520 6.31 6.48 6.55 6.16 41971\n\
190521 6.55 6.61 6.70 6.50 46515\n\
190522 6.70 6.88 7.00 6.54 86836\n\
190523 6.75 6.69 6.87 6.64 51523\n\
190524 6.73 6.92 6.96 6.51 79144\n\
190527 6.98 7.26 7.39 6.95 147342\n\
190528 7.18 7.08 7.30 7.00 99288\n\
190529 7.07 7.14 7.25 7.00 69813\n\
190530 7.10 7.13 7.26 7.02 71759\n\
190531 7.12 7.14 7.26 7.05 42550\n\
190603 7.18 7.01 7.22 7.01 47275\n\
190604 6.99 6.83 7.13 6.83 37143\n\
190605 6.96 6.86 7.04 6.84 37030\n\
190606 6.86 6.85 6.91 6.66 34432\n\
190610 6.89 6.51 6.89 6.48 52383\n\
190611 6.57 6.96 6.97 6.52 65264\n\
190612 6.97 7.27 7.28 6.96 83481\n\
190613 7.15 7.14 7.34 7.13 70115\n\
190614 7.25 6.99 7.27 6.97 60618\n\
190617 7.07 7.18 7.20 6.91 51860\n\
190618 7.27 6.97 7.27 6.84 59972\n\
190619 7.08 7.12 7.12 7.00 52703\n\
190620 7.22 7.07 7.22 7.01 51023\n\
190621 7.12 7.12 7.18 7.07 51153\n\
190624 7.11 7.04 7.12 7.03 40249\n\
190625 7.10 7.04 7.10 6.95 33570\n\
190626 7.04 6.99 7.06 6.95 28392\n\
190627 6.98 6.97 7.04 6.95 24930\n\
190628 6.95 6.83 7.00 6.76 29397\n\
190701 6.90 7.00 7.05 6.86 33003\n\
190702 6.99 6.95 7.04 6.90 21033\n\
190703 6.92 6.87 7.03 6.83 38529\n\
190704 6.95 6.82 6.99 6.70 33427\n\
190705 6.79 6.67 6.82 6.63 40145\n\
190708 6.64 6.58 6.73 6.42 34591\n\
190709 6.57 6.40 6.57 6.29 24008\n\
190710 6.44 6.32 6.44 6.29 18234\n\
190711 6.35 6.32 6.35 6.26 20339\n\
190712 6.35 6.28 6.35 6.22 13890\n\
190715 6.30 6.46 6.48 6.13 32209\n\
190716 6.56 6.59 6.64 6.42 30360\n\
190717 6.69 6.60 6.69 6.56 20821\n\
190718 6.60 6.63 6.69 6.53 22110\n\
190719 6.63 6.44 6.66 6.41 25108\n\
190722 6.44 6.35 6.52 6.27 16136\n\
190723 6.35 6.38 6.40 6.30 25423\n\
190724 6.38 6.68 6.94 6.30 50989\n\
190725 6.61 6.57 6.68 6.54 38444\n\
190726 6.57 6.57 6.66 6.55 22169\n\
190729 6.66 6.55 6.66 6.49 39582\n\
190730 6.57 6.56 6.60 6.53 12608\n\
190731 6.55 6.62 6.66 6.50 30551\n\
190801 6.57 6.63 6.69 6.56 27096\n\
190802 6.56 6.57 6.58 6.46 21061\n\
190805 6.57 6.77 6.85 6.49 39754\n\
190806 6.75 6.89 7.30 6.62 89925\n\
190807 6.83 7.10 7.15 6.81 52296\n\
190808 7.10 7.10 7.17 6.93 44511\n\
190809 7.12 7.09 7.12 6.99 29808\n\
190812 7.03 7.10 7.13 6.99 41727\n\
190813 7.10 7.19 7.23 6.90 49484\n\
190814 7.23 7.03 7.23 7.01 30901\n\
190815 7.00 7.21 7.21 6.90 45266\n\
190816 7.11 7.36 7.42 7.11 70857\n\
190819 7.58 7.69 7.77 7.46 132921\n\
190820 7.60 7.54 7.76 7.52 92353\n\
190821 7.56 7.67 7.77 7.45 79320\n\
190822 7.58 7.66 7.76 7.51 93404\n\
190823 7.68 8.43 8.43 7.68 75645\n\
190826 9.27 9.27 9.27 9.27 26017\n\
190827 10.20 10.20 10.20 10.20 15078\n\
190828 10.40 9.18 10.40 9.18 441873\n\
190829 8.80 8.60 8.99 8.46 393974\n\
190830 8.40 8.00 8.69 7.86 314112\n\
190902 7.82 7.96 8.06 7.75 183019\n\
190903 7.90 8.13 8.32 7.89 175432\n\
190904 8.05 8.03 8.15 7.90 154965\n\
190905 8.03 8.11 8.28 7.96 165757\n\
190906 8.05 8.08 8.18 8.00 119758\n\
190909 8.56 8.17 8.56 8.08 176229\n\
190910 8.10 8.03 8.17 8.00 124428\n\
190911 8.08 7.95 8.08 7.95 83775\n\
190912 8.00 8.02 8.02 7.91 55451\n\
190916 7.99 8.07 8.14 7.93 78237\n\
190917 8.04 8.00 8.11 7.97 65096\n\
190918 8.04 7.98 8.12 7.98 72499\n\
190919 7.91 8.10 8.11 7.76 109354\n\
190920 8.12 8.07 8.13 8.05 47498\n\
190923 8.07 8.09 8.15 8.06 52722\n\